100
208 970
4 109
1 221
21 742
760 814
1 484
9 221
384 484
1 9
65 122
573 625
1 104
303 484
480 694
123 266
4 6
484 485
395 584
120 302
3 5
602 655
441 887
4 65
1 6
120 221
1 742
704 752
668 882
228 274
8 10
42 71
808 906
424 425
1 2
4 10
4 104
4 742
141 506
3 584
616 623
122 1000
191 246
10 120
492 765
65 584
158 213
100 1000
121 742
299 366
65 121
384 742
8 109
319 918
39 52
3 4
526 739
21 302
121 302
8 742
7 65
120 484
484 742
1 5
122 483
9 584
65 485
798 857
442 465
21 484
3 9
3 742
9 122
1 65
45 982
8 121
9 65
303 485
7 584
1 1000
120 742
1 109
1 4
3 109
800 991
65 742
8 302
33 540
1 1
137 233
428 992
1 101
45 315
483 742
9 10
483 584
258 744
121 484
7 221
380 421
393 750
